111111111111111111111111111111111111111
2222222222222222222222222222222222222222
333333333333333333333333333333333333333
4444444444444444444444444444444444444
555555555555555555555555555555555555556
6666666666666666666666666666666666666
7777777777777777777777777777777777777
88888888888888888888888888888888888888888
99999999999999999999999999999999999999
0000000000000000000000000000000000000000
111111111111111111111111111111111111111
2222222222222222222222222222222222222222
333333333333333333333333333333333333333
4444444444444444444444444444444444444
555555555555555555555555555555555555556
6666666666666666666666666666666666666
7777777777777777777777777777777777777
88888888888888888888888888888888888888888
99999999999999999999999999999999999999
0000000000000000000000000000000000000000

111111111111111111111111111111111111111
2222222222222222222222222222222222222222
333333333333333333333333333333333333333
4444444444444444444444444444444444444
555555555555555555555555555555555555556
6666666666666666666666666666666666666
7777777777777777777777777777777777777
88888888888888888888888888888888888888888
99999999999999999999999999999999999999
0000000000000000000000000000000000000000

111111111111111111111111111111111111111
2222222222222222222222222222222222222222
333333333333333333333333333333333333333
4444444444444444444444444444444444444
555555555555555555555555555555555555556
6666666666666666666666666666666666666
7777777777777777777777777777777777777
88888888888888888888888888888888888888888
99999999999999999999999999999999999999
0000000000000000000000000000000000000000

111111111111111111111111111111111111111
2222222222222222222222222222222222222222
333333333333333333333333333333333333333
4444444444444444444444444444444444444
555555555555555555555555555555555555556
6666666666666666666666666666666666666
7777777777777777777777777777777777777
88888888888888888888888888888888888888888
99999999999999999999999999999999999999
0000000000000000000000000000000000000000

111111111111111111111111111111111111111
2222222222222222222222222222222222222222
333333333333333333333333333333333333333
4444444444444444444444444444444444444
555555555555555555555555555555555555556
6666666666666666666666666666666666666
7777777777777777777777777777777777777
88888888888888888888888888888888888888888
99999999999999999999999999999999999999
0000000000000000000000000000000000000000

111111111111111111111111111111111111111
2222222222222222222222222222222222222222
333333333333333333333333333333333333333
4444444444444444444444444444444444444
555555555555555555555555555555555555556
6666666666666666666666666666666666666
7777777777777777777777777777777777777
88888888888888888888888888888888888888888
99999999999999999999999999999999999999
0000000000000000000000000000000000000000

111111111111111111111111111111111111111
2222222222222222222222222222222222222222
333333333333333333333333333333333333333
4444444444444444444444444444444444444
555555555555555555555555555555555555556
6666666666666666666666666666666666666
7777777777777777777777777777777777777
88888888888888888888888888888888888888888
99999999999999999999999999999999999999
0000000000000000000000000000000000000000

111111111111111111111111111111111111111
2222222222222222222222222222222222222222
333333333333333333333333333333333333333
4444444444444444444444444444444444444
555555555555555555555555555555555555556
6666666666666666666666666666666666666
7777777777777777777777777777777777777
88888888888888888888888888888888888888888
99999999999999999999999999999999999999
0000000000000000000000000000000000000000

111111111111111111111111111111111111111
2222222222222222222222222222222222222222
333333333333333333333333333333333333333
4444444444444444444444444444444444444
555555555555555555555555555555555555556
6666666666666666666666666666666666666
7777777777777777777777777777777777777
88888888888888888888888888888888888888888
99999999999999999999999999999999999999
0000000000000000000000000000000000000000

111111111111111111111111111111111111111
2222222222222222222222222222222222222222
333333333333333333333333333333333333333
4444444444444444444444444444444444444
555555555555555555555555555555555555556
6666666666666666666666666666666666666
7777777777777777777777777777777777777
88888888888888888888888888888888888888888
99999999999999999999999999999999999999
0000000000000000000000000000000000000000

111111111111111111111111111111111111111
2222222222222222222222222222222222222222
333333333333333333333333333333333333333
4444444444444444444444444444444444444
555555555555555555555555555555555555556
6666666666666666666666666666666666666
7777777777777777777777777777777777777
88888888888888888888888888888888888888888
99999999999999999999999999999999999999
0000000000000000000000000000000000000000

111111111111111111111111111111111111111
2222222222222222222222222222222222222222
333333333333333333333333333333333333333
4444444444444444444444444444444444444
555555555555555555555555555555555555556
6666666666666666666666666666666666666
7777777777777777777777777777777777777
88888888888888888888888888888888888888888
99999999999999999999999999999999999999
0000000000000000000000000000000000000000

111111111111111111111111111111111111111
2222222222222222222222222222222222222222
333333333333333333333333333333333333333
4444444444444444444444444444444444444
555555555555555555555555555555555555556
6666666666666666666666666666666666666
7777777777777777777777777777777777777
88888888888888888888888888888888888888888
99999999999999999999999999999999999999
0000000000000000000000000000000000000000





